aaSeqCDR3	cloneFraction
CASSFLSGRNNEQFF	0.053802056988703426
CASTASNYNEQFF	0.029528466250772777
CASSVAGANTEAFF	0.008301017253976284
CASSQEGANGVAEAFF	0.007975046366548643
CSARDTGRWNQPQHF	0.006974652953408644
CAWSVDGFHNEQFF	0.00688472994998033
CASSFGGMNTEAFF	0.006693643567695161
CASRSLAGDTDTQYF	0.005800033721126286
CATRRQRSYNEQFF	0.005788793345697746
CASSLWTANQPQHF	0.005580846400269769
CASKGASGGPGELFF	0.005462822458270106
CASSPNYSNQPQHF	0.005429101331984488
CASSSGPGKNEKLFF	0.00540100039341314
CAWSVLGMAEAFF	0.00508064969369977
CASSYRPSGTNEQFF	0.004889563311414601
CASRKGEARASGNEQFF	0.0048221210588433655
CASSLWGPDTGLKNTEAFF	0.004670375990558084
CSVEQGNYGYTF	0.0046535154274152755
CASLNPQLYGYTF	0.004175799471702355
CASGLEANTEAFF	0.004052155341988423
CASRQGAGNTIYF	0.003911650649131681
CSARDSREVMNTEAFF	0.0038329680211319057
CASSPTDSTDTQYF	0.003731804642275052
CASSGQSLEQYF	0.003731804642275052
CASSEEPSSGNTIYF	0.0036924633282751644
CASSYGGQGTPGLAEQETQYF	0.003681222952846625
CSARDAGTMYEQYF	0.003619400887989659
CASTQSPDLYNEQFF	0.0032878098128477492
CATSRDRAGGNNEQFF	0.003254088686562131
CASSLQRNTEAFF	0.0029730793008486485
CAISEFGLNTGELFF	0.0028719159219917946
CSARDGDSGRDEQFF	0.00278199291856348
CASSEGARYEQYF	0.002720170853706514
CATQFMAYEQYF	0.0025628055977069634
CASLGTWTGDGEQYF	0.002551565222278424
CASSEASGRDRDTQYF	0.002534704659135615
CASSEAGQGARGTQYF	0.0024841229697071883
CASRGQGALTGELFF	0.0023829595908503344
CSARENRGTDTQYF	0.002371719215421795
CASSYSGQINTEAFF	0.0023492384645647166
CSVEGTDSQSSYEQYF	0.0023492384645647166
CASTYNRDRVYTDTQYF	0.0022986567751362894
CASNPSGRAGANVLTF	0.0022874163997077504
CASSPSTGGLEAFF	0.002270555836564941
CASSRGQDTGELFF	0.002259315461136402
CSARQTGTSVPGELFF	0.002197493396279436
CASNSHSTGQVGYTF	0.0021637722699938177
CASSFLSGRNNEQFF	0.002096330017422582
CASRSLVTGGPGNTIYF	0.0020682290788512337
CAWSVLSGYTEAFF	0.0019614455122801103
CSARDRKAYEQYF	0.0019614455122801103
CASQEGTNEKLFF	0.0019558253245658404
CASSPRTLLPGANVLTF	0.001933344573708762
CASSHRGTNEKLFF	0.0019164840105659528
CSATGSWWVYYGYTF	0.0019052436351374136
CSAPSASGYTF	0.0018883830719946047
CASSLGIAGSSYNEQFF	0.001882762884280335
CASSGQTGGEQYF	0.001849041757994717
CATSITSGSPHEQFF	0.0017984600685662902
CASSQHEVQHTEAFF	0.0017928398808520205
CAWTSTGTYYGYTF	0.001781599505423481
CASSENGQATNEKLFF	0.0017253976282807846
CAWASTNYGYTF	0.0016635755634238183
CASSLAWYGEGETQYF	0.001652335187995279
CSAASSASGTDTQYF	0.001652335187995279
CASSLLAGGYNEQFF	0.0016467150002810094
CAWSARSYEQYF	0.0015511718091384252
CSALPKEWVMDRENYGYTF	0.0015511718091384252
CASSSRTGRNTGELFF	0.0015343112459956162
CASSVAGTLNEQYF	0.0015343112459956162
CASSLGATGPGIREKLFF	0.0015286910582813465
CASSQDYGGYNEQFF	0.0015286910582813465
CASSVVAPRDTLKF	0.0015118304951385376
CAWSVLGMSEAFF	0.001506210307424268
CASSYRTSPGREQFF	0.0014837295565671893
CASSEDSGRLSNTGELFF	0.001455628617995841
CAWSVGSSNYGYTF	0.001438768054853032
CASTSEGGTEAFF	0.0014162873039959534
CSARDPGLAGSYEQYF	0.0014106671162816837
CASSQGVEAFF	0.0014050469285674142
CASSPRAEGAQYF	0.0013938065531388748
CASSPTGQQYEAFF	0.001388186365424605
CASRDTGARDTQYF	0.0013825661777103356
CASSEAGGVREKLFF	0.0013825661777103356
CSVVRSVGSRETQYF	0.0013769459899960659
CASFTSSSGGYYEQYF	0.0013713258022817962
CASIPSWYYEQYF	0.001360085426853257
CAWSDGYSGNTIYF	0.0013432248637104478
CSASSSMGYTF	0.0013319844882819086
CASSANSQRSYEQYF	0.0013207441128533692
CASSELGDGRTEAFF	0.0013151239251390997
CASSLASGGRALGEQFF	0.0012308211094250547
CAWSEGTNTEAFF	0.0012252009217107852
CASSIEQGTHGYTF	0.0012027201708537066
CASSEAGSGEKLFF	0.0012027201708537066
CASSLGTTGTEAFF	0.001197099983139437
CAWSTGSTDTQYF	0.0011914797954251672
CASSYSSSEGPPEAFF	0.0011802394199966278
CASSTGTSGNTIYF	0.0011746192322823583
CASQERTGASEAFF	0.0011746192322823583
CAISELHRGMNDEQFF	0.0011633788568538189
CASSTGQASGANVLTF	0.0011633788568538189
CASSQDRQAWMEQYF	0.00114651829371101
CASEAPPGDTQYF	0.0011408981059967402
CASSLIVVLAGVNSREVTDTQYF	0.0011352779182824705
CATSDPLRTDSYGYTF	0.001112797167425392
CSAREEGGSYNEQFF	0.0011071769797111224
CASSPRTSGTHNEQFF	0.0011015567919968527
CATSREQEQGDNEQFF	0.0011015567919968527
CASSPQGAPYGYTF	0.0011015567919968527
CASSTGDGYTF	0.001079076041139774
CASSLSSLSPHEQFF	0.001079076041139774
CSAGTGGELFF	0.001079076041139774
CAWGGQGGEQYF	0.0010678356657112347
CASQTRQGYNEKLFF	0.0010622154779969652
CAWSLVAGTYNEQFF	0.0010565952902826955
CASSSSGAYNEQFF	0.0010565952902826955
CAWKAGGFTGELFF	0.001017253976282808
CASRLRGGVSGYTF	0.001017253976282808
CASKSLNPGQPQHF	0.001017253976282808
CASSPPMQAETQYF	0.0010116337885685382
CASRRLAGVSDTQYF	0.0010116337885685382
CASSSPGTAFYNEQFF	0.0010060136008542685
CASSEQGGYEQYF	0.0010060136008542685
CSARRQTGVNYGYTF	0.0010003934131399988
CASSRQGANPEAFF	9.779126622829202E-4
CAWADKSSYNEQFF	9.722924745686506E-4
CASSMRVYGNTEAFF	9.49811723711572E-4
CASSQEVRASGNTIYF	9.385713482830326E-4
CASSQAVSALNTEAFF	9.385713482830326E-4
CASSEASWGGYEQYF	9.273309728544933E-4
CASSERAGGNTGELFF	9.273309728544933E-4
CASSLGTGSGGNYGYTF	8.992300342831451E-4
CSVEGLNYGYTF	8.992300342831451E-4
CSARDNRASYEQYF	8.992300342831451E-4
CASSQVIGSGANVLTF	8.879896588546057E-4
CASSSPGGTGYGYTF	8.823694711403361E-4
CASRHGDTEAFF	8.767492834260664E-4
CSARTSGGNTEAFF	8.767492834260664E-4
CASSSQGTPGAFF	8.655089079975271E-4
CASSLGQMNTEAFF	8.598887202832575E-4
CASSMGLNTEAFF	8.598887202832575E-4
CSARDLLDQETQYF	8.598887202832575E-4
CASSLAAGSRGEQYF	8.542685325689878E-4
CASSTQRNTGELFF	8.542685325689878E-4
CASSVGLAGGETQYF	8.486483448547182E-4
CASSAGKGLQNYGYTF	8.486483448547182E-4
CASSEGAYNEQFF	8.486483448547182E-4
CATSEDRRGSYEQYF	8.374079694261788E-4
CASSQVASREGTQYF	8.317877817119091E-4
CSARDFGQGLIGPQHF	8.261675939976395E-4
CSARTSGRPYNEQFF	8.261675939976395E-4
CATRRSGYSDSYEQYF	8.205474062833698E-4
CASSQRTGPSWGASMNTEAFF	8.149272185691002E-4
CSAVSGVFTGELFF	8.149272185691002E-4
CASSVSGIDANEQFF	8.093070308548305E-4
CASSPGGANTEAFF	8.036868431405609E-4
CASSYLTGGASMNTEAFF	7.980666554262912E-4
CASSLAGGPSEQYF	7.980666554262912E-4
CSARVSSSTGRGWTNEKLFF	7.980666554262912E-4
CASSLQETQYF	7.980666554262912E-4
CASSTGQGGSGNTIYF	7.924464677120216E-4
CASTTGLGKANEKLFF	7.924464677120216E-4
CSARDPTTFDEQFF	7.924464677120216E-4
CSATTGPPEAFF	7.924464677120216E-4
CASSQDPGTGSTEAFF	7.924464677120216E-4
CASSWRTSGDLTDTQYF	7.812060922834823E-4
CASSDGTSGSDTQYF	7.812060922834823E-4
CASSYGPYEQYF	7.812060922834823E-4
CASSDSPRSSEAFF	7.812060922834823E-4
CASSSRTGGAYNEQFF	7.812060922834823E-4
CASSSSGDEQYF	7.812060922834823E-4
CASSEAGFSTGELFF	7.755859045692126E-4
CASSPGVEDTQYF	7.755859045692126E-4
CASSLGPQPQHF	7.53105153712134E-4
CSALGPGGETQYF	7.53105153712134E-4
CASSDGGTGTNEKLFF	7.474849659978644E-4
CASSLAGSAIGSTRNEQFF	7.418647782835946E-4
CASSLSLAGGYNEQFF	7.36244590569325E-4
CASRTANTGELFF	7.137638397122464E-4
CSARVAGLLYNEQFF	7.137638397122464E-4
CASSVRDLGYEQYF	7.081436519979767E-4
CSAQGAGEKLFF	7.081436519979767E-4
CSAIDRVPNQPQHF	7.081436519979767E-4
CSAPLAGVRNEQFF	6.912830888551678E-4
CSARDHETSGYNEQFF	6.912830888551678E-4
CASSQDLESWDRGYYEQYF	6.856629011408981E-4
CASSRTTGITNEKLFF	6.856629011408981E-4
CASSPDRGGNQPQHF	6.856629011408981E-4
CSAGRGNEQFF	6.856629011408981E-4
CASSLEVPDRAGNTIYF	6.800427134266285E-4
CASSPPGGRDTGELFF	6.800427134266285E-4
CASSLGPPYEQYF	6.800427134266285E-4
CSVHGGSRANYGYTF	6.800427134266285E-4
CASSLPTGGRETQYF	6.800427134266285E-4
CASSGQGLYGYTF	6.744225257123588E-4
CSVLDSWDGNTIYF	6.744225257123588E-4
CATSDPGDPLYGYTF	6.744225257123588E-4
CASSKTGGNTEAFF	6.688023379980892E-4
CAWSALQLTGHEQYF	6.631821502838195E-4
CASSLDGVNTEAFF	6.631821502838195E-4
CASSQTSGGNNEQFF	6.631821502838195E-4
CAWSVRSGRVYEQYF	6.575619625695499E-4
CATSDGREYNEQFF	6.575619625695499E-4
CASSQVGWGMNTEAFF	6.575619625695499E-4
CSARVQTATTYGYTF	6.575619625695499E-4
CSARDEVEKLFF	6.519417748552802E-4
CASSPAGRNTGELFF	6.407013994267408E-4
CASSGLAEAGDTGELFF	6.407013994267408E-4
CASSFPQGFGVTEAFF	6.350812117124712E-4
CASTMGDHAEAFF	6.350812117124712E-4
CASSIWAGGSSYNEQFF	6.350812117124712E-4
CASSLLNAGTSVIQYF	6.294610239982015E-4
CASSPPSQGSNTEAFF	6.294610239982015E-4
CASSERTGAAEAFF	6.294610239982015E-4
CATSNHGSNSEQFF	6.294610239982015E-4
CASRQTLTGETQYF	6.238408362839319E-4
CAWNRGLGDTGELFF	6.238408362839319E-4
CASKDGPTNTEAFF	6.238408362839319E-4
CSARRRDGKNIQYF	6.238408362839319E-4
CASSPPAARLEAFF	6.238408362839319E-4
CASSLTESSGIHEQYF	6.182206485696622E-4
CASSSPRQGWSETQYF	6.182206485696622E-4
CASMRTGTEAFF	6.182206485696622E-4
CASRDLQGRGADTQYF	6.126004608553926E-4
CASSLRGYNEQFF	6.126004608553926E-4
CSARGTSGRNYEQYF	6.126004608553926E-4
CASSLGRMGEQYF	6.126004608553926E-4
CASSEGEYLPNNEQFF	6.069802731411229E-4
CASSLPGTCPTDTQYF	6.069802731411229E-4
CASSAPGGYEQYF	6.069802731411229E-4
CSARAGAGQPQHF	6.069802731411229E-4
CASSPPGTSVTDTQYF	6.013600854268533E-4
CATSDPTGANSYNEQFF	6.013600854268533E-4
CASSPLQGGIGELFF	6.013600854268533E-4
CASSLSGGEAFF	5.901197099983139E-4
CASRTSRTSGRAYEQYF	5.901197099983139E-4
CASSPGTGGANYGYTF	5.844995222840443E-4
CASSLYWDGYTF	5.844995222840443E-4
CASSPTTKAYEQYF	5.788793345697746E-4
CASSLTGPRGLENTIYF	5.788793345697746E-4
CASSIDSQSSYEQYF	5.788793345697746E-4
CSARENTGELFF	5.788793345697746E-4
CASSPRGGEQYF	5.73259146855505E-4
CAWSAGQGINQPQHF	5.676389591412353E-4
CASKRDRGLSGYTF	5.676389591412353E-4
CASSPRHGRETDTQYF	5.676389591412353E-4
CASKTDSNQPQHF	5.620187714269657E-4
CASSDVGQTNEKLFF	5.620187714269657E-4
CASRVGLPEAGELFF	5.620187714269657E-4
CASSFLGIGTDTQYF	5.620187714269657E-4
CATSVPGLGEQYF	5.620187714269657E-4
CSARDQSRAIEAFF	5.620187714269657E-4
CASSLDPSSGNTIYF	5.56398583712696E-4
CASSLTFGSNTGELFF	5.56398583712696E-4
CASSRPPVEKLFF	5.56398583712696E-4
CATSRVNSMSTGELFF	5.56398583712696E-4
CASSPPMALETQYF	5.56398583712696E-4
CATGGAGTDTQYF	5.56398583712696E-4
CASSRLAGVTYNEQFF	5.56398583712696E-4
CASSSLLTSGYEQYF	5.507783959984264E-4
CASSTRLAGPTYNEQFF	5.507783959984264E-4
CASRYTVNTEAFF	5.507783959984264E-4
CASSRTVNTGELFF	5.507783959984264E-4
CASGDSNTGELFF	5.507783959984264E-4
CAWSQGQETQYF	5.451582082841566E-4
CSVDGGTNEQFF	5.451582082841566E-4
CASSILGGSSYNEQFF	5.451582082841566E-4
CASSRSGSYGYTF	5.451582082841566E-4
CASSQGGGVTKNIQYF	5.451582082841566E-4
CAWRRLAMTDTQYF	5.39538020569887E-4
CASSEGIYYNEQFF	5.39538020569887E-4
CASSPRRDRNSQRPYEQYF	5.39538020569887E-4
CASSQTVLSPSYEQYF	5.39538020569887E-4
CASTTRSQTTVGELFF	5.39538020569887E-4
CASRDRVTSGSSADTQYF	5.39538020569887E-4
CASNYADSNQPQHF	5.39538020569887E-4
CASSRGTGSSAGELFF	5.39538020569887E-4
CSAPGTGPYGYTF	5.39538020569887E-4
CSASMLSGLTQYF	5.39538020569887E-4
CSARDWGLAGEQFF	5.39538020569887E-4
CASSSSSYEQYF	5.339178328556173E-4
CASSEGPEVEQYF	5.339178328556173E-4
CATSEGTATGGYTF	5.339178328556173E-4
CSAGEGRYNEQFF	5.339178328556173E-4
CASSYKSAGGAQFF	5.282976451413477E-4
CASSPETWQSYEQYF	5.282976451413477E-4
CSVEDPRRDTYNEQFF	5.282976451413477E-4
CASSFALTGELFF	5.282976451413477E-4
CASSLLGTPEAFF	5.282976451413477E-4
CASSLEGGLGYNEQFF	5.22677457427078E-4
CSARVVEDSLSGANVLTF	5.22677457427078E-4
CSAREAGTDTEAFF	5.22677457427078E-4
CASSPSGSQETQYF	5.170572697128084E-4
CASRQQQNTEAFF	5.170572697128084E-4
CASSPASGSPGELFF	5.114370819985387E-4
CATTETSGSDEQFF	5.114370819985387E-4
CASSIGGITGETQYF	5.114370819985387E-4
CASRPPGSTDTQYF	5.114370819985387E-4
CASGLVDSANTGELFF	5.114370819985387E-4
CASSPTGYYGYTF	5.058168942842691E-4
CASSFSAGEGETQYF	5.058168942842691E-4
CASSQDSGSLLGGNEQFF	5.058168942842691E-4
CASKIQLNTEAFF	5.058168942842691E-4
CASSLDGPPVGRGSSYEQYF	5.001967065699994E-4
CATSGGQGNYGYTF	5.001967065699994E-4
CASSPSFSGRGYEQFF	5.001967065699994E-4
CASAASATNEKLFF	5.001967065699994E-4
CSAGGGAGVVDTQYF	5.001967065699994E-4
CASSLVGRQGSYEQYF	5.001967065699994E-4
CASSSQDKYYGYTF	5.001967065699994E-4
CSAGLAGDKNEQFF	5.001967065699994E-4
CSARVAGGPGAGELFF	5.001967065699994E-4
CASSRVGSNTGELFF	4.945765188557298E-4
CATSDFKDTEAFF	4.945765188557298E-4
CASSQEAEAEAFF	4.945765188557298E-4
CASSIDHDTNTGELFF	4.945765188557298E-4
CASSTVGNTDTQYF	4.945765188557298E-4
CASGLVQGFQPQHF	4.945765188557298E-4
CASSFGGVNPYEQYF	4.889563311414601E-4
CASSNQGGNEQFF	4.889563311414601E-4
CSALLPETIYNEQFF	4.889563311414601E-4
CSAREPGGNEKLFF	4.889563311414601E-4
CAWSVEGNTIYF	4.833361434271905E-4
CASSPTPGGEETQYF	4.833361434271905E-4
CASSKGGTAGNTIYF	4.7771595571292083E-4
CASSSADSAYGYTF	4.7771595571292083E-4
CASTDRAVFAEKLFF	4.7771595571292083E-4
CASSFAGGVTEAFF	4.7771595571292083E-4
CASSSPWTRNTIYF	4.7771595571292083E-4
CASSMRTGGNNEQYF	4.7771595571292083E-4
CSARWRAGREQFF	4.7771595571292083E-4
CAWGPGTGNEKLFF	4.720957679986512E-4
CASSATDSSYNEQFF	4.720957679986512E-4
CASSRPGTGGVTGELFF	4.720957679986512E-4
CASTERVGLAIGNEQFF	4.720957679986512E-4
CATSDELAGGRNEQFF	4.720957679986512E-4
CATSEGTYTGELFF	4.720957679986512E-4
CASSLSRGELFF	4.720957679986512E-4
CASSLWTGVYTGELFF	4.720957679986512E-4
CASSGSGPIKAFF	4.664755802843815E-4
CASSAPDSYEQYF	4.664755802843815E-4
CASSLRGAGMNEQFF	4.664755802843815E-4
CASSQYAGVTEAFF	4.664755802843815E-4
CASSPVDGEGETQYF	4.664755802843815E-4
CASSFLPTANNEQFF	4.6085539257011187E-4
CASSTRQGEDEQFF	4.6085539257011187E-4
CASTTPGLHRGTQYF	4.6085539257011187E-4
CATVKTAGNTEAFF	4.6085539257011187E-4
CASSPEGRGNEKLFF	4.6085539257011187E-4
CASARGGFNEKLFF	4.6085539257011187E-4
CSARESSGGRVSYNEQFF	4.6085539257011187E-4
CSATGEGLRETQYF	4.6085539257011187E-4
CASSPLTGYYNEQFF	4.552352048558422E-4
CAWSVSAGYTF	4.552352048558422E-4
CASSLGIIGEIATNEKLFF	4.552352048558422E-4
CASSLSGVRYGYTF	4.552352048558422E-4
CASSQGTRRREETQYF	4.552352048558422E-4
CSARGGTSTYTQYF	4.4961501714157256E-4
CASSTGTANYGYTF	4.4399482942730285E-4
CASSPGGDQPQHF	4.4399482942730285E-4
CASSPAMRTVNTEAFF	4.4399482942730285E-4
CASSPLGGDTGELFF	4.4399482942730285E-4
CASSLSETGNGYTF	4.4399482942730285E-4
CSAAGEGKTQYF	4.4399482942730285E-4
CASSPPMNTEAFF	4.383746417130332E-4
CASSQDETSTAPHNEQFF	4.3275445399876353E-4
CASMSPRRAGNTIYF	4.3275445399876353E-4
CASSPSGRAYEQYF	4.3275445399876353E-4
CASGLGLQNTEAFF	4.271342662844939E-4
CASSPMQGGNTEAFF	4.271342662844939E-4
CASSARTQNTEAFF	4.271342662844939E-4
CSGGRMNTGELFF	4.271342662844939E-4
CSATTGPEAFF	4.271342662844939E-4
CSALWTSGIKETQYF	4.271342662844939E-4
CASGLGLALGETQYF	4.271342662844939E-4
CASSAGPGGRVGELFF	4.215140785702242E-4
CASSAVTGSTDTQYF	4.215140785702242E-4
CASTFRLGVEAFF	4.215140785702242E-4
CASSPTGGRNYGYTF	4.215140785702242E-4
CASSLFRTVISYNEQFF	4.215140785702242E-4
CASSLGQSGTEAFF	4.215140785702242E-4
CAASGLAGGEQYF	4.215140785702242E-4
CSVEAWDRGNEKLFF	4.215140785702242E-4
CASSSTGDGYTF	4.215140785702242E-4
CASTPGQGTDTQYF	4.215140785702242E-4
CASTDSPTGELFF	4.215140785702242E-4
CSVPTGGPYEQYF	4.215140785702242E-4
CSARAESNYGYTF	4.215140785702242E-4
CSARLAAINEQFF	4.215140785702242E-4
CSANSGQGASGEQFF	4.215140785702242E-4
CASSEGDPHSDNEQFF	4.215140785702242E-4
CASSQERFGNEQFF	4.1589389085595457E-4
CSARARGVSTDTQYF	4.1589389085595457E-4
CSARVRVGPNEKLFF	4.1589389085595457E-4
CSARKNEKLFF	4.1589389085595457E-4
CAIRDRENTEAFF	4.102737031416849E-4
CSVKGPMNTEAFF	4.102737031416849E-4
CASGVGRGTEAFF	4.102737031416849E-4
CASSTSDTGELFF	4.102737031416849E-4
CASSMDRFYEQYF	4.102737031416849E-4
CASSTGRTGANVLTF	4.102737031416849E-4
CATTPGGEGQPQHF	4.0465351542741526E-4
CASSAAVNTEAFF	4.0465351542741526E-4
CASSPSLPPSNTEAFF	4.0465351542741526E-4
CASSYGTNNEQFF	4.0465351542741526E-4
CASSSLGNTEAFF	4.0465351542741526E-4
CASSQAGYNEQFF	4.0465351542741526E-4
CSASGGYGYTF	4.0465351542741526E-4
CASGLAGGGETQYF	3.990333277131456E-4
CASSVTGGTEAFF	3.990333277131456E-4
CASSQDPQGAKNIQYF	3.990333277131456E-4
CASSLNGGGDEQYF	3.990333277131456E-4
CASSRFTGSLAKNIQYF	3.990333277131456E-4
CASSYLGFGTEQYF	3.990333277131456E-4
CASSPPAGAVQETQYF	3.990333277131456E-4
CASSDGGVTEAFF	3.990333277131456E-4
CASSLRLQGQYGYTF	3.990333277131456E-4
CASSIQLAGEETQYF	3.990333277131456E-4
CASSIRGLAGGRRNEQFF	3.990333277131456E-4
CASKVLRNTEAFF	3.990333277131456E-4
CSAASPDRGRNIQYF	3.990333277131456E-4
CASSQPPRPEAFF	3.990333277131456E-4
CAWKGAGRNEQFF	3.9341313999887595E-4
CATSRDSQGSYGYTF	3.9341313999887595E-4
CASSKTGSTDTQYF	3.9341313999887595E-4
CASRARDGSYEQYF	3.877929522846063E-4
CATSRGDQQVGWTEAFF	3.877929522846063E-4
CAISDGPGANEQFF	3.877929522846063E-4
CASSYRDLFTEAFF	3.877929522846063E-4
CASSARGTQETQYF	3.877929522846063E-4
CASSYSGESSYEQYF	3.877929522846063E-4
CASSGRLGETQYF	3.877929522846063E-4
CASSEGIGNQPQHF	3.877929522846063E-4
CASSITPAVNQPQHF	3.877929522846063E-4
CASTRFPDSGNTIYF	3.877929522846063E-4
CASSLAGRPNYGYTF	3.8217276457033663E-4
CASIHSRDLHNEQFF	3.8217276457033663E-4
CASSPLGLTNEKLFF	3.8217276457033663E-4
CASSGGQGRRRNTIYF	3.76552576856067E-4
CASSLGTGFNEKLFF	3.76552576856067E-4
CASSPFSGRGSVEAFF	3.76552576856067E-4
CASSPQGIKETQYF	3.76552576856067E-4
CASSLTGQGARFYEQYF	3.76552576856067E-4
CASGPISVFYSNQPQHF	3.76552576856067E-4
CASSQDIGGVYNEQFF	3.76552576856067E-4
CASSLNRPDGYTF	3.76552576856067E-4
CSARDRSGRTKETQYF	3.76552576856067E-4
CSARPWTGQSTDTQYF	3.76552576856067E-4
CASSQEIPGQGAGELFF	3.76552576856067E-4
CAWSAGGRAVETQYF	3.709323891417973E-4
CAWKAGGYTGELFF	3.709323891417973E-4
CASSRTGTSYEQYF	3.709323891417973E-4
CASSLGGQAVYEQYF	3.709323891417973E-4
CATSRDHAGYGYTF	3.709323891417973E-4
CASSQERETGSGANVLTF	3.709323891417973E-4
CASSLMTNFYEQYF	3.709323891417973E-4
CAISGRGGVNTEAFF	3.709323891417973E-4
CASSEGFRTGKEKLFF	3.709323891417973E-4
CSVEVGQVAYEQYF	3.709323891417973E-4
CSAQEGNTEAFF	3.709323891417973E-4
CASSTWGGTAYSNQPQHF	3.709323891417973E-4
CATSDSTGGLENIQYF	3.709323891417973E-4
CASSFGTSGSTEQYF	3.709323891417973E-4
CASSIGQGGGYTF	3.709323891417973E-4
CASSIPGYNEQFF	3.709323891417973E-4
CSARGGAGYEQYF	3.709323891417973E-4
CSAAGANEQFF	3.709323891417973E-4
CASRYGGIGTEAFF	3.709323891417973E-4
CASRQGNAEAFF	3.6531220142752767E-4
CASSVQENVSGANVLTF	3.59692013713258E-4
CASSPPGTGGFIGYTF	3.59692013713258E-4
CASSYAGGREKLFF	3.59692013713258E-4
CASRGTSGRGEQYF	3.59692013713258E-4
CASSFKSGGPEDTEAFF	3.59692013713258E-4
CASSQVNENEQFF	3.59692013713258E-4
CASSRNLEGEAFF	3.59692013713258E-4
CSAREGAKNIQYF	3.59692013713258E-4
CSAGGGTGINEQYF	3.59692013713258E-4
CASSSRTFNTGELFF	3.59692013713258E-4
CASRTQDRESLGGNQPQHF	3.5407182599898836E-4
CASSLGGSTDTQYF	3.5407182599898836E-4
CATSDPTSGPSTDTQYF	3.5407182599898836E-4
CASSIRGDNTEAFF	3.5407182599898836E-4
CSASDRLNEQFF	3.5407182599898836E-4
CASSFPGGGNEQFF	3.484516382847187E-4
CAWRLTELKEAFF	3.484516382847187E-4
CASSIGTGNEQYF	3.484516382847187E-4
CASSLGTVQDQPQHF	3.484516382847187E-4
CASSPGQLNQPQHF	3.484516382847187E-4
CASSPPVSGSSYNEQFF	3.484516382847187E-4
CSVKGTGGGYGYTF	3.484516382847187E-4
CASGLNFYNEQFF	3.484516382847187E-4
CASSLLRSGGEGTDTQYF	3.484516382847187E-4
CATSDPGQSDTQYF	3.484516382847187E-4
CASAPLGGYNEQFF	3.484516382847187E-4
CSASQGGFGNQPQHF	3.484516382847187E-4
CASGLPGGTGTGELFF	3.484516382847187E-4
CASSLQGGEAFF	3.484516382847187E-4
CASSATGSNQPQHF	3.484516382847187E-4
CASSLAPRPTGANVLTF	3.4283145057044905E-4
CASSPTGSGGNTIYF	3.4283145057044905E-4
CATRQGGDTEAFF	3.4283145057044905E-4
CASSQDSSGDYNEQFF	3.4283145057044905E-4
CASSLGVKQETQYF	3.4283145057044905E-4
CSARTSTDTQYF	3.4283145057044905E-4
CSASQGTGGAGETQYF	3.4283145057044905E-4
CASSLQREAETQYF	3.372112628561794E-4
CASSPDRGGETQYF	3.372112628561794E-4
CASSTGAGNTEAFF	3.372112628561794E-4
CSPLDRANTEAFF	3.372112628561794E-4
CASSQVGPFGQGKDTQYF	3.372112628561794E-4
CASSQGQAANYGYTF	3.372112628561794E-4
CASSVDLATYNEQFF	3.3159107514190973E-4
CASSPKLGGTQYF	3.3159107514190973E-4
CASSPGEGGYEQYF	3.3159107514190973E-4
CASSPRQGLDGYTF	3.3159107514190973E-4
CASSFYDTDNEQFF	3.3159107514190973E-4
CASSLGPNQPQHF	3.3159107514190973E-4
CASSSAGGDEKLFF	3.3159107514190973E-4
CASSWALGGYEQYF	3.3159107514190973E-4
CASRDGSSYNEQFF	3.3159107514190973E-4
CASSLAPFQEAFF	3.259708874276401E-4
CASSAPGGGTEAFF	3.259708874276401E-4
CASSPDPRVYGYTF	3.259708874276401E-4
CASSYTGGYHEQYF	3.259708874276401E-4
CASSPRTGGTYEQYF	3.259708874276401E-4
CASSSLGGTEGREQYF	3.259708874276401E-4
CASSQAELYAPKTQYF	3.259708874276401E-4
CATEGATDTQYF	3.259708874276401E-4
CSAGDSVDYGYTF	3.259708874276401E-4
CASSQGQEQYF	3.259708874276401E-4
CATSGAGGELEKLFF	3.203506997133704E-4
CASSPQGPGPYNEQFF	3.203506997133704E-4
CASSRDTPGDEKLFF	3.203506997133704E-4
CSVEGLAGGRIGELFF	3.203506997133704E-4
CATSALTGAGSNEQFF	3.203506997133704E-4
CASSSGGTRINEQFF	3.203506997133704E-4
CSAIRGFDQPQHF	3.203506997133704E-4
CAWSVGQRNEQFF	3.1473051199910077E-4
CAWSVGQNQPQHF	3.1473051199910077E-4
CASSVSSPTDTQYF	3.1473051199910077E-4
CASSPSGSYNEQFF	3.1473051199910077E-4
CATSRGQGGYGYTF	3.1473051199910077E-4
CASEGQGHGYTF	3.1473051199910077E-4
CSADRPNTEAFF	3.1473051199910077E-4
CSAPTASGYTF	3.1473051199910077E-4
CASSQGAGGRDEQYF	3.1473051199910077E-4
CASSEETRAPYNEQFF	3.1473051199910077E-4
CAWSVFGRTGIYGYTF	3.091103242848311E-4
CASSQDRPSGQNEQFF	3.091103242848311E-4
CAGGSGRKPYEQYF	3.091103242848311E-4
CASSLVGSQETQYF	3.091103242848311E-4
CASSLVGTSVDTQYF	3.091103242848311E-4
CASSLRAGVTDTQYF	3.091103242848311E-4
CASSFPLYYEQYF	3.091103242848311E-4
CASRPPGLATTGELFF	3.091103242848311E-4
CSVLGGGQGIYGYTF	3.091103242848311E-4
CSVQWGADTQYF	3.091103242848311E-4
CSALPQPPARYEQYF	3.091103242848311E-4
CATSDLQAGGPGEETQYF	3.091103242848311E-4
CASSFRVDGELFF	3.091103242848311E-4
CASSSRDFGGEKLFF	3.091103242848311E-4
CASSQGGEGIQETQYF	3.091103242848311E-4
CSAPDRTDGYTF	3.091103242848311E-4
CSARDRSGANVLTF	3.091103242848311E-4
CASTRDSDQPQHF	3.091103242848311E-4
CAWSGQGGYTF	3.0349013657056146E-4
CASSAGGTEAFF	3.0349013657056146E-4
CASSTVPEAGNTIYF	3.0349013657056146E-4
CASSRVVNTEAFF	3.0349013657056146E-4
CATREAGPETEQFF	3.0349013657056146E-4
CAISESGGESYEQYF	3.0349013657056146E-4
CAISGNPGLTGANVLTF	3.0349013657056146E-4
CASSYQQGNTEAFF	3.0349013657056146E-4
CASSLRLGVTEAFF	3.0349013657056146E-4
CSARPSGNEQFF	3.0349013657056146E-4
CASSVLGLAGNGGNEQFF	3.0349013657056146E-4
CASSGGMTGREETQYF	3.0349013657056146E-4
CASSDNLVNEQFF	3.0349013657056146E-4
CSAREGGGVTGELFF	3.0349013657056146E-4
CASSSGLAGRNNEQFF	2.978699488562918E-4
CAISYGQIGYTF	2.978699488562918E-4
CASSLWGTHTGELFF	2.978699488562918E-4
CASRTSAASDTQYF	2.978699488562918E-4
CASSGDRARTEAFF	2.978699488562918E-4
CASSENSGRSSYEQYF	2.978699488562918E-4
CSARQGPSNQPQHF	2.978699488562918E-4
CASSLAPGGVNTEAFF	2.978699488562918E-4
CASSVATRVAGTSAKSQETQYF	2.9224976114202214E-4
CASSPEDSGGEKLFF	2.9224976114202214E-4
CASSYKFACLSGNTIYF	2.9224976114202214E-4
CASSSFPGSYNGYTF	2.9224976114202214E-4
CASSPRGSQETQYF	2.9224976114202214E-4
CAIESGTGLNEQFF	2.9224976114202214E-4
CASSFGNTGNTIYF	2.9224976114202214E-4
CASSFRATYNEQFF	2.9224976114202214E-4
CASSPEGLGMNTEAFF	2.9224976114202214E-4
CATSRVDLHNEQFF	2.9224976114202214E-4
CASSEGFREQFF	2.9224976114202214E-4
CASSEDRGGGYTF	2.9224976114202214E-4
CASSFLGTGNYEQYF	2.9224976114202214E-4
CATLTLKGGYTF	2.9224976114202214E-4
CATKGAGDTGELFF	2.9224976114202214E-4
CASEGQDYGYTF	2.9224976114202214E-4
CSARERNNEQFF	2.9224976114202214E-4
CSAKPPRSSSEQYF	2.9224976114202214E-4
CASSRQGNYGYTF	2.9224976114202214E-4
CASSGEYSNQPQHF	2.866295734277525E-4
CASSPREWYEQFF	2.866295734277525E-4
CASRRDRVTEAFF	2.866295734277525E-4
CASSLFVSGPSYNEQFF	2.866295734277525E-4
CASSLGGVFYGYTF	2.866295734277525E-4
CASSEQRLAGAQETQYF	2.866295734277525E-4
CASTSGEAYNEQFF	2.866295734277525E-4
CASSEVLSGGIRRETQYF	2.866295734277525E-4
CASSIVGGRFYGYTF	2.866295734277525E-4
CASSIRENTEAFF	2.866295734277525E-4
CSARDEAGSSNQPQHF	2.866295734277525E-4
CASSRASYPYEQYF	2.866295734277525E-4
CAWSVPRQGKTEAFF	2.8100938571348283E-4
CASRDSPSSYNEQFF	2.8100938571348283E-4
CASTVTDHNTEAFF	2.8100938571348283E-4
CASCQGSSYEQYF	2.8100938571348283E-4
CASYGTTNTGELFF	2.8100938571348283E-4
CAISEYQDGYEQYF	2.8100938571348283E-4
CASSYNRGRGTEAFF	2.8100938571348283E-4
CSVLPRALDNEQFF	2.8100938571348283E-4
CASQDLRDRGLYEQYF	2.8100938571348283E-4
CASSGLADYTDTQYF	2.8100938571348283E-4
CASSIVAQGGVSEAFF	2.8100938571348283E-4
CSLLADTGELFF	2.8100938571348283E-4
CAISRTVMGTEAFF	2.8100938571348283E-4
CASSVGLAGPQETQYF	2.753891979992132E-4
CASSPQGTATGELFF	2.753891979992132E-4
CASSLDRAGVMNTEAFF	2.753891979992132E-4
CASTLRTGGDTGELFF	2.753891979992132E-4
CASSPPSAGGFPGYTF	2.753891979992132E-4
CASSGQYNQPQHF	2.753891979992132E-4
CASRPFFQAGGSTGELFF	2.753891979992132E-4
CSVTRDRGTEAFF	2.753891979992132E-4
CASSPRTGAISGANVLTF	2.753891979992132E-4
CASSTSTDTQYF	2.753891979992132E-4
CASSQGDNPRIYTF	2.753891979992132E-4
CSVLGRSTDTQYF	2.753891979992132E-4
CSASGTDYSNQPQHF	2.753891979992132E-4
CSASTREGELFF	2.753891979992132E-4
CSARSGLGSYEQYF	2.753891979992132E-4
CSASRTGNEQFF	2.753891979992132E-4
CSARGREGTYEQYF	2.753891979992132E-4
CSARDPRQPIEAFF	2.753891979992132E-4
CASSPGGSGNTIYF	2.697690102849435E-4
CASSLMRGITEAFF	2.697690102849435E-4
CASSYSRGRRTEAFF	2.697690102849435E-4
CASSPTGFNSYEQYF	2.697690102849435E-4
CATSDWQGGETQYF	2.697690102849435E-4
CATSDSRAGGGETQYF	2.697690102849435E-4
CASSHFTSGRTYEQYF	2.697690102849435E-4
CASSLLGSGELFF	2.6414882257067387E-4
CASSQDIGGAKNIQYF	2.6414882257067387E-4
CASSMGTAIAFNEQFF	2.6414882257067387E-4
CASRLGRGPYEQYF	2.6414882257067387E-4
CASSPTVSDTQYF	2.6414882257067387E-4
CAISDQGRSNYGYTF	2.6414882257067387E-4
CASSFARFSPTDTQYF	2.6414882257067387E-4
CASSSPLREGQGGTDTQYF	2.6414882257067387E-4
CASSSRQGILNTEAFF	2.6414882257067387E-4
CASSSWTGGTDEQYF	2.6414882257067387E-4
CASSLSSRSEAFF	2.6414882257067387E-4
CAWDPGQWETQYF	2.585286348564042E-4
CASSRTASVAEQYF	2.585286348564042E-4
CASSVDQGGRAAFF	2.585286348564042E-4
CASSVLAGGLAGGAGELFF	2.585286348564042E-4
CASSEAGGGSGIQYF	2.585286348564042E-4
CASSLGRAGMADQGREQYF	2.585286348564042E-4
CASSLDPSGYNEQFF	2.585286348564042E-4
CASSAGQGAEEQYF	2.585286348564042E-4
CAISESTASNPSYEQYF	2.585286348564042E-4
CASLAGERNEQFF	2.585286348564042E-4
CASRPGPLYGYTF	2.585286348564042E-4
CASSDGTSDTQYF	2.585286348564042E-4
CASSRVAGGQDTQYF	2.585286348564042E-4
CASSDREGNGYTF	2.585286348564042E-4
CASSIGTGGSYEQYF	2.585286348564042E-4
CASSNSIYNEQFF	2.585286348564042E-4
CASSPGLTNEQFF	2.585286348564042E-4
CASSPETTGGWGNQPQHF	2.5290844714213456E-4
CASSSGTMYYEQYF	2.5290844714213456E-4
CSIHLSGSGTDTQYF	2.5290844714213456E-4
CASSCEAVREGSLPYEQYF	2.5290844714213456E-4
CASSLSSGPGAQPQHF	2.5290844714213456E-4
CASSQDATPNTGELFF	2.5290844714213456E-4
CASSLQGIGTEAFF	2.5290844714213456E-4
CASSASPGQGTVEAFF	2.5290844714213456E-4
CSARDPHGTIYNEQFF	2.5290844714213456E-4
CASSPGTGRGNQPQHF	2.5290844714213456E-4
CASTTTGTDTQYF	2.5290844714213456E-4
CASTGNSGMNTEAFF	2.472882594278649E-4
CASIQNRTGNGELFF	2.472882594278649E-4
CASSLIGQGDYTF	2.472882594278649E-4
CASRGQGGNTGELFF	2.472882594278649E-4
CASSLVWGLDGNTIYF	2.472882594278649E-4
CASSLGSPLQPQHF	2.472882594278649E-4
CASSLGGVNYGYTF	2.472882594278649E-4
CASSLASDVRNTGELFF	2.472882594278649E-4
CASSSFTGEQETQYF	2.472882594278649E-4
CASSPTGLAGEETQYF	2.472882594278649E-4
CASSDPPGLNQPQHF	2.472882594278649E-4
CASSPTATNTEAFF	2.472882594278649E-4
CASSKGQLDYEQYF	2.472882594278649E-4
CATSDFLGTSGTNTGELFF	2.472882594278649E-4
CASSLSQGADEQYF	2.472882594278649E-4
CASSSLTSRSTDTQYF	2.472882594278649E-4
CASSVIGKAYNEQFF	2.472882594278649E-4
CSARDVADLNEKLFF	2.472882594278649E-4
CASSAGGMNTEAFF	2.472882594278649E-4
CASSQGVAGELFF	2.472882594278649E-4
CASSLGTQEAFF	2.472882594278649E-4
CAWGQSDTEAFF	2.4166807171359524E-4
CAWSLRTGGTYEQYF	2.4166807171359524E-4
CASSLDPGIGEAFF	2.4166807171359524E-4
CASSEQGARGNTIYF	2.4166807171359524E-4
CASSLDSGRIETQYF	2.4166807171359524E-4
CASSPQGGFSEKLFF	2.4166807171359524E-4
CAISEGGTEAFF	2.4166807171359524E-4
CASSYGEMGLNEQYF	2.4166807171359524E-4
CASSVLRTDGYTF	2.4166807171359524E-4
CASSYHPQGTEAFF	2.4166807171359524E-4
CASSAPGRSYNEQFF	2.4166807171359524E-4
CASSSLLGEGVIQYF	2.4166807171359524E-4
CASSFKQGNTIYF	2.4166807171359524E-4
CASSGITGNTIYF	2.4166807171359524E-4
CASSQGLGSGANVLTF	2.4166807171359524E-4
CASSIVGRSGGNQPQHF	2.4166807171359524E-4
CSAGAPEGRNGYTF	2.4166807171359524E-4
CSARNQGAGELFF	2.4166807171359524E-4
CSARDPRSSYEQYF	2.4166807171359524E-4
CSATTGLEGKTDTQYF	2.4166807171359524E-4
CASSVSGEYQPQHF	2.360478839993256E-4
CATLGGGRRDEQFF	2.360478839993256E-4
CASSRGQYNEQFF	2.360478839993256E-4
CASTPMGSTGELFF	2.360478839993256E-4
CASSLGVRANYGYTF	2.360478839993256E-4
CASSRPSTGELFF	2.360478839993256E-4
CASSDPQGRGYTF	2.360478839993256E-4
CSVEAGGANTGELFF	2.360478839993256E-4
CASSQVRGDGYTF	2.360478839993256E-4
CASSQPGYTEAFF	2.360478839993256E-4
CASTYTRMGPGELFF	2.360478839993256E-4
CASSLGSMNYGYTF	2.360478839993256E-4
CASSTNTGDYGYTF	2.360478839993256E-4
CASRNLGPAIYGYTF	2.360478839993256E-4
CSALGKLYEQYF	2.360478839993256E-4
CSAGSMTGDSGNTIYF	2.360478839993256E-4
CSAREEGGNTIYF	2.360478839993256E-4
CSAREGSTANYGYTF	2.360478839993256E-4
CSANVSSGRWTGELFF	2.360478839993256E-4
CAGLPGGSGYEQFF	2.3042769628505593E-4
CASTPGGQPTTDTQYF	2.3042769628505593E-4
CASSQQSHQANEKLFF	2.3042769628505593E-4
CASSLEGQGMTDTQYF	2.3042769628505593E-4
CASTPLAGLLNEQFF	2.3042769628505593E-4
CASSDGGQVYEQFF	2.3042769628505593E-4
CAISEGDRGPYEQYF	2.3042769628505593E-4
CAISQGRAAFYEQYF	2.3042769628505593E-4
CASFPRDTEAFF	2.3042769628505593E-4
CASRTGPGELFF	2.3042769628505593E-4
CSVQGRGTEAFF	2.3042769628505593E-4
CSVKDRAGADTQYF	2.3042769628505593E-4
CSADLGDRVYGYTF	2.3042769628505593E-4
CATSDYRVNYGYTF	2.3042769628505593E-4
CASSLAGVQDTGYF	2.3042769628505593E-4
CASSQDGKDRGRVNTEAFF	2.3042769628505593E-4
CASSLVGSGYTF	2.3042769628505593E-4
CASSPLMGGNYGYTF	2.3042769628505593E-4
CASSQGGGQSNYGYTF	2.3042769628505593E-4
CAIPKTGAYTGELFF	2.3042769628505593E-4
CASSFPGVDQPQHF	2.3042769628505593E-4
CSANWREADTQYF	2.3042769628505593E-4
CASSVGETSGREEQYF	2.2480750857078628E-4
CASSPGLARNEQFF	2.2480750857078628E-4
CASSPGGQNTEAFF	2.2480750857078628E-4
CASSSRGLTGNTIYF	2.2480750857078628E-4
CASSLAGEEYEQYF	2.2480750857078628E-4
CASSLGPGGDYEQYF	2.2480750857078628E-4
CASSLASGNTEAFF	2.2480750857078628E-4
CASSLSTSGSWNEQFF	2.2480750857078628E-4
CASSLKATNEKLFF	2.2480750857078628E-4
CASSPRRGSTEAFF	2.2480750857078628E-4
CASSPRRNFGAGELFF	2.2480750857078628E-4
CASSQRLAGQETQYF	2.2480750857078628E-4
CASSPFSLGQGAGGANVLTF	2.2480750857078628E-4
CASSPGREARHEQFF	2.2480750857078628E-4
CASSQRQGSTGELFF	2.2480750857078628E-4
CASNIGQETQYF	2.2480750857078628E-4
CASSYSRGRETQYF	2.2480750857078628E-4
CASSPGGTGYGYTF	2.2480750857078628E-4
CASSEWTGNTEAFF	2.2480750857078628E-4
CSVGTGRQPQHF	2.2480750857078628E-4
CASSFSGDFYEQYF	2.2480750857078628E-4
CASSLSRGQGAYGYTF	2.2480750857078628E-4
CASSPLEVGNTIYF	2.2480750857078628E-4
CASSWTGAKNTGELFF	2.2480750857078628E-4
CASTLKGSAEAFF	2.2480750857078628E-4
CASSSRDRATYEQYF	2.2480750857078628E-4
CSAPTGTLNQPQHF	2.2480750857078628E-4
CSAQLAGGPKNEQFF	2.2480750857078628E-4
CSARDREGYSNQPQHF	2.2480750857078628E-4
CSARDLKGDAFF	2.2480750857078628E-4
CSAFSGHHNQPQHF	2.2480750857078628E-4
CASSQDSTGVRETQYF	2.2480750857078628E-4
CASGPQGALNTGELFF	2.2480750857078628E-4
CASSLGGETQYF	2.2480750857078628E-4
CASSGRQGRPTEAFF	2.2480750857078628E-4
CAWVHRDRDGYTF	2.191873208565166E-4
CAWSPGPDRGNTIYF	2.191873208565166E-4
CAWSVPGGGNEQFF	2.191873208565166E-4
CASSLGEYTNTGELFF	2.191873208565166E-4
CASSSGQGARSREKLFF	2.191873208565166E-4
CASSFFLTGATEAFF	2.191873208565166E-4
CASSLDYNSGNTIYF	2.191873208565166E-4
CASSLGGGTDTQYF	2.191873208565166E-4
CASSPGQGYTDTQYF	2.191873208565166E-4
CAISEGQAYGYTF	2.191873208565166E-4
CSVELRTSGNTGELFF	2.191873208565166E-4
CASSQDPWDRKQPQHF	2.191873208565166E-4
CASSLWASGKVETQYF	2.191873208565166E-4
CSASLTGTGVGKLFF	2.191873208565166E-4
CSASRELGEQFF	2.191873208565166E-4
CSAPITRGTEQYF	2.191873208565166E-4
CSAPIATNLGETQYF	2.191873208565166E-4
CASSQGSNYGYTF	2.191873208565166E-4
CASSALPGQGDTGELFF	2.1356713314224694E-4
CASSLRASGRYTEAFF	2.1356713314224694E-4
CASSLFGEDTSYEQYF	2.1356713314224694E-4
CASSLAQSGAYYGYTF	2.1356713314224694E-4
CASSLRGGGTEAFF	2.1356713314224694E-4
CASSLKQGGGSGANVLTF	2.1356713314224694E-4
CASSLGYTGELFF	2.1356713314224694E-4
CAISETGVTTGELFF	2.1356713314224694E-4
CASSYSGRTEAFF	2.1356713314224694E-4
CASSYPMVNEQYF	2.1356713314224694E-4
CASSYPGGNQPQHF	2.1356713314224694E-4
CASSYIGYGYTF	2.1356713314224694E-4
CASSYSSNQPQHF	2.1356713314224694E-4
CSVARTGGNGNEQFF	2.1356713314224694E-4
CATSAGLGRTEAFF	2.1356713314224694E-4
CASTYGEEETQYF	2.1356713314224694E-4
CASSTGPPSSTDTQYF	2.1356713314224694E-4
CSAREAGGQHNEQFF	2.1356713314224694E-4
CASSQAWNEQFF	2.1356713314224694E-4
CASSYGTTNEKLFF	2.1356713314224694E-4
CASSTYTPRGEVLKETQYF	2.1356713314224694E-4
CASSFSSIGNQPQHF	2.1356713314224694E-4
CAWGRPYSNQPQHF	2.0794694542797728E-4
CAWTANYEQYF	2.0794694542797728E-4
CASSRGEYNEQFF	2.0794694542797728E-4
CASSRRVDILYNEQFF	2.0794694542797728E-4
CACTGTYNEQFF	2.0794694542797728E-4
CAWSVFHNEQFF	2.0794694542797728E-4
CASSLTSGSSRFDEQFF	2.0794694542797728E-4
CASSLGLVTGNTIYF	2.0794694542797728E-4
CASSLGAGQGETQYF	2.0794694542797728E-4
CASSLAPTGQGSYEQYF	2.0794694542797728E-4
CASSFLGQGVGNTIYF	2.0794694542797728E-4
CATSPRGRGGADTQYF	2.0794694542797728E-4
CASSDRDSNQPQHF	2.0794694542797728E-4
CASTGVTGELFF	2.0794694542797728E-4
CASNQHLDEKTEAFF	2.0794694542797728E-4
CSVGGQGTNEQYF	2.0794694542797728E-4
CASSLATSGTPGAQPQHF	2.0794694542797728E-4
CASSLTGGRYEQYF	2.0794694542797728E-4
CASSPPGIQPQHF	2.0794694542797728E-4
CASSIEGSFGVSNYGYTF	2.0794694542797728E-4
CASREGVRGRTDTQYF	2.0794694542797728E-4
CSAQTLRQEAQETQYF	2.0794694542797728E-4
CSAQQGNTEAFF	2.0794694542797728E-4
CASSPWDTNYEQYF	2.0794694542797728E-4
CASSSGQDTGELFF	2.0232675771370763E-4
CASSPGTSTYEQYF	2.0232675771370763E-4
CASSPSGQGSNTEAFF	2.0232675771370763E-4
CASSPRTASNTGELFF	2.0232675771370763E-4
CASSSGTGKDYGYTF	2.0232675771370763E-4
CASSYSGAKGNTIYF	2.0232675771370763E-4
CASSARDVNYGYTF	2.0232675771370763E-4
CASSRRGGLDLGEQFF	2.0232675771370763E-4
CASSISGTGSEQYF	2.0232675771370763E-4
CSVGRTVNTEAFF	2.0232675771370763E-4
CSVGQGGGNTIYF	2.0232675771370763E-4
CSVVPFEAGYEQYF	2.0232675771370763E-4
CATSDLKQGASDTQYF	2.0232675771370763E-4
CATSDFDGSSYNEQFF	2.0232675771370763E-4
CASSFGETGQYF	2.0232675771370763E-4
CASSGTWDRETEAFF	2.0232675771370763E-4
CASSIDRRTEAFF	2.0232675771370763E-4
CSAQREGEDTQYF	2.0232675771370763E-4
CSAPVAGVRNEQFF	2.0232675771370763E-4
CASSQHRVDEQFF	2.0232675771370763E-4
CASSAPSPEAFF	2.0232675771370763E-4
CAWRHNVVNTEAFF	1.9670656999943797E-4
CASTIPSKNTEAFF	1.9670656999943797E-4
CASRSRSNLVNTEAFF	1.9670656999943797E-4
CASSLAVYGTHLTYEQYF	1.9670656999943797E-4
CASSLGLGNDEQFF	1.9670656999943797E-4
CASSLFAFSYNEQFF	1.9670656999943797E-4
CASSLVSFSGTGGVKDIQYF	1.9670656999943797E-4
CASSVFPGPEGYTF	1.9670656999943797E-4
CASSLGASGSPSDTQYF	1.9670656999943797E-4
CASSPQGRGETQYF	1.9670656999943797E-4
CASTGGPANNEQFF	1.9670656999943797E-4
CATSRETGTMNTEAFF	1.9670656999943797E-4
CATSRDRGKVDTEAFF	1.9670656999943797E-4
CASSYFNRGGDKQPQHF	1.9670656999943797E-4
CASSYSGRPSYEQYF	1.9670656999943797E-4
CASSYSEVTEAFF	1.9670656999943797E-4
CASSYSPPGPRSYNEQFF	1.9670656999943797E-4
CATGSATNTGELFF	1.9670656999943797E-4
CASSSPLGGKLFF	1.9670656999943797E-4
CASSIGDMNTEAFF	1.9670656999943797E-4
CASRVQDGTEAFF	1.9670656999943797E-4
CASSRQTAMNTEAFF	1.9108638228516832E-4
CASMPAVSAGGNTGELFF	1.9108638228516832E-4
CASSLGRAGGELFF	1.9108638228516832E-4
CASSLQPNTGELFF	1.9108638228516832E-4
CASSLNGGLSTEAFF	1.9108638228516832E-4
CASSQPTVGYTF	1.9108638228516832E-4
CASSPLPETQYF	1.9108638228516832E-4
CASSQGTGITNYGYTF	1.9108638228516832E-4
CAIRATSGRETQYF	1.9108638228516832E-4
CASSPLGEGYGYTF	1.9108638228516832E-4
CASSPSLGLGSGKQETQYF	1.9108638228516832E-4
CASSSTVSGFYTF	1.9108638228516832E-4
CASRTIQGDYGYTF	1.9108638228516832E-4
CASNLATSGAYEQYF	1.9108638228516832E-4
CSVEPRTITDTQYF	1.9108638228516832E-4
CSAYAGTGKETQYF	1.9108638228516832E-4
CSASLGPNNQPQHF	1.9108638228516832E-4
CSARRETGELFF	1.9108638228516832E-4
CSARVSGDSNQPQHF	1.9108638228516832E-4
CSARDLTAAKNIQYF	1.9108638228516832E-4
CASSPHPGDTQYF	1.9108638228516832E-4
CASRFNRGSYEQYF	1.9108638228516832E-4
CASSATGITGNTIYF	1.9108638228516832E-4
CAWSGQGGRYTF	1.8546619457089866E-4
CAWSIQGYEQYF	1.8546619457089866E-4
CASSRQVREKLFF	1.8546619457089866E-4
CASSRGGPGSNQPQHF	1.8546619457089866E-4
CASSPGLAGAAGTGELFF	1.8546619457089866E-4
CASSSRVDTEAFF	1.8546619457089866E-4
CASSYSTGAGNTIYF	1.8546619457089866E-4
CASSYSTGSGNTIYF	1.8546619457089866E-4
CASSEQDLTGEQYF	1.8546619457089866E-4
CASKGGDSNQPQHF	1.8546619457089866E-4
CASSFLGAAGLYEQYF	1.8546619457089866E-4
CASSLAGNTEAFF	1.8546619457089866E-4
CASSPTLTVSGNTIYF	1.8546619457089866E-4
CASSMEGASAGANVLTF	1.8546619457089866E-4
CSASGTGNEKLFF	1.8546619457089866E-4
CSARSGYGVNEQFF	1.8546619457089866E-4
CSARDAGGMSNQPQHF	1.8546619457089866E-4
CASSQYSNRAGGNTIYF	1.8546619457089866E-4
CASSQGWGMYYNEQFF	1.8546619457089866E-4
CASSISGIGEQFF	1.8546619457089866E-4
CASTPGGLALTDTQYF	1.8546619457089866E-4
CAWSVVEAGELFF	1.79846006856629E-4
CAWNELGGGELFF	1.79846006856629E-4
CARQQGIEAFF	1.79846006856629E-4
CASSEGPNTEAFF	1.79846006856629E-4
CASSFGRGGGNQPQHF	1.79846006856629E-4
CASSVSGISYNEQFF	1.79846006856629E-4
CASSVGPGQVQETQYF	1.79846006856629E-4
CASSARTVGHNEQFF	1.79846006856629E-4
CASSPKPPNSNEQFF	1.79846006856629E-4
CATLRDKNTEAFF	1.79846006856629E-4
CASKDRRNAGELFF	1.79846006856629E-4
CASSFLKGTEAFF	1.79846006856629E-4
CASSLAGTSGRGAGELFF	1.79846006856629E-4
CASSLGGDELNTEAFF	1.79846006856629E-4
CASSLEGASYNEQFF	1.79846006856629E-4
CASSFRTGANTGELFF	1.79846006856629E-4
CASSPGTGWDENTQYF	1.79846006856629E-4
CASSPQGLSSGNTIYF	1.79846006856629E-4
CASSDRASNQPQHF	1.79846006856629E-4
CASRGTAMFEAFF	1.79846006856629E-4
CSVTDGSYEQYF	1.79846006856629E-4
CSVNKQGLYGYTF	1.79846006856629E-4
CSVGTEAYEQYF	1.79846006856629E-4
CASSLSGQGAGEQYF	1.79846006856629E-4
CATSELGDGYTF	1.79846006856629E-4
CATSGTAGPQYF	1.79846006856629E-4
CATSRGQGGNNEQFF	1.79846006856629E-4
CASNNLDRGYTEAFF	1.79846006856629E-4
CASSQTLKGETEAFF	1.79846006856629E-4
CASSIDLAGGKEQYF	1.79846006856629E-4
CASKPGISGNTIYF	1.79846006856629E-4
CSASLSDYGYTF	1.79846006856629E-4
CSASSGSGYTF	1.79846006856629E-4
CSAPEGTGGGYTF	1.79846006856629E-4
CASSQDTGGSGNTIYF	1.79846006856629E-4
CAWSVQAGRGYTF	1.7422581914235935E-4
